# Test Fuel
# 0 is Void
# -N denote that these are cooling channels and not fuel pins
#Fuel,Array,Material,Template
1,1,1,1,1,1,1,1,1,1,1,1,1,1,1,1,1
1,1,1,1,1,1,1,1,1,1,1,1,1,1,1,1,1
1,1,1,1,1,0,1,1,0,1,1,0,1,1,1,1,1
1,1,1,0,1,1,1,1,1,1,1,1,1,0,1,1,1
1,1,1,1,-11,1,1,1,1,1,1,1,-11,1,1,1,1
1,1,0,1,1,0,1,1,0,1,1,0,1,1,0,1,1
1,1,1,1,1,1,1,1,1,1,1,1,1,1,1,1,1
1,1,1,1,1,1,1,1,1,1,1,1,1,1,1,1,1
1,1,0,1,1,0,1,1,0,1,1,0,1,1,0,1,1
1,1,1,1,1,1,1,1,1,1,1,1,1,1,1,1,1
1,1,1,1,1,1,1,1,1,1,1,1,1,1,1,1,1
1,1,0,1,1,0,1,1,0,1,1,0,1,1,0,1,1
1,1,1,1,-11,1,1,1,1,1,1,1,-11,1,1,1,1
1,1,1,0,1,1,1,1,1,1,1,1,1,0,1,1,1
1,1,1,1,1,0,1,1,0,1,1,0,1,1,1,1,1
1,1,1,1,1,1,1,1,1,1,1,1,1,1,1,1,1
1,1,1,1,1,1,1,1,1,1,1,1,1,1,1,1,1