# 0: 17x17 No Fuel, Air-filled Tubes
0,0,0,0,0,0,0,0,0,0,0,0,0,0,0,0,0
0,0,0,0,0,0,0,0,0,0,0,0,0,0,0,0,0
0,0,0,0,0,0,0,0,0,0,0,0,0,0,0,0,0
0,0,0,0,0,0,0,0,0,0,0,0,0,0,0,0,0
0,0,0,0,0,0,0,0,0,0,0,0,0,0,0,0,0
0,0,0,0,0,0,0,0,0,0,0,0,0,0,0,0,0
0,0,0,0,0,0,0,0,0,0,0,0,0,0,0,0,0
0,0,0,0,0,0,0,0,0,0,0,0,0,0,0,0,0
0,0,0,0,0,0,0,0,0,0,0,0,0,0,0,0,0
0,0,0,0,0,0,0,0,0,0,0,0,0,0,0,0,0
0,0,0,0,0,0,0,0,0,0,0,0,0,0,0,0,0
0,0,0,0,0,0,0,0,0,0,0,0,0,0,0,0,0
0,0,0,0,0,0,0,0,0,0,0,0,0,0,0,0,0
0,0,0,0,0,0,0,0,0,0,0,0,0,0,0,0,0
0,0,0,0,0,0,0,0,0,0,0,0,0,0,0,0,0
0,0,0,0,0,0,0,0,0,0,0,0,0,0,0,0,0
0,0,0,0,0,0,0,0,0,0,0,0,0,0,0,0,0
# 1: 17x17 PWR burnable poison study 17x17_BP6_4 
1,1,1,1,1,1,1,1,1,1,1,1,1,1,1,1,1 
1,1,1,1,1,1,1,1,1,1,1,1,1,1,1,1,1 
1,1,1,1,1,9,1,1,9,1,1,9,1,1,1,1,1 
1,1,1,9,1,1,1,1,1,1,1,1,1,9,1,1,1 
1,1,1,1,3,1,1,1,1,1,1,1,3,1,1,1,1 
1,1,9,1,1,9,1,1,9,1,1,9,1,1,9,1,1 
1,1,1,1,1,1,1,1,1,1,1,1,1,1,1,1,1 
1,1,1,1,1,1,1,1,1,1,1,1,1,1,1,1,1 
1,1,9,1,1,9,1,1,9,1,1,9,1,1,9,1,1 
1,1,1,1,1,1,1,1,1,1,1,1,1,1,1,1,1 
1,1,1,1,1,1,1,1,1,1,1,1,1,1,1,1,1 
1,1,9,1,1,9,1,1,9,1,1,9,1,1,9,1,1 
1,1,1,1,3,1,1,1,1,1,1,1,3,1,1,1,1 
1,1,1,9,1,1,1,1,1,1,1,1,1,9,1,1,1 
1,1,1,1,1,9,1,1,9,1,1,9,1,1,1,1,1 
1,1,1,1,1,1,1,1,1,1,1,1,1,1,1,1,1 
1,1,1,1,1,1,1,1,1,1,1,1,1,1,1,1,1 
# 2: 17x17 PWR burnable poison study 17x17_BP6_8 
1,1,1,1,1,1,1,1,1,1,1,1,1,1,1,1,1 
1,1,1,1,1,1,1,1,1,1,1,1,1,1,1,1,1 
1,1,1,1,1,9,1,1,9,1,1,9,1,1,1,1,1 
1,1,1,9,1,1,1,1,3,1,1,1,1,9,1,1,1 
1,1,1,1,3,1,1,1,1,1,1,1,3,1,1,1,1 
1,1,9,1,1,9,1,1,9,1,1,9,1,1,9,1,1 
1,1,1,1,1,1,1,1,1,1,1,1,1,1,1,1,1 
1,1,1,1,1,1,1,1,1,1,1,1,1,1,1,1,1 
1,1,9,3,1,9,1,1,9,1,1,9,1,3,9,1,1 
1,1,1,1,1,1,1,1,1,1,1,1,1,1,1,1,1 
1,1,1,1,1,1,1,1,1,1,1,1,1,1,1,1,1 
1,1,9,1,1,9,1,1,9,1,1,9,1,1,9,1,1 
1,1,1,1,3,1,1,1,1,1,1,1,3,1,1,1,1 
1,1,1,9,1,1,1,1,3,1,1,1,1,9,1,1,1 
1,1,1,1,1,9,1,1,9,1,1,9,1,1,1,1,1 
1,1,1,1,1,1,1,1,1,1,1,1,1,1,1,1,1 
1,1,1,1,1,1,1,1,1,1,1,1,1,1,1,1,1 
# 3: 17x17 PWR burnable poison study 17x17_BP6_12
1,1,1,1,1,1,1,1,1,1,1,1,1,1,1,1,1 
1,1,1,1,1,1,1,1,1,1,1,1,1,1,1,1,1 
1,1,1,1,1,9,3,1,9,1,3,9,1,1,1,1,1 
1,1,1,9,1,1,1,1,1,1,1,1,1,9,1,1,1 
1,1,1,1,1,1,1,1,1,1,1,1,1,1,1,1,1 
1,1,9,1,1,9,1,1,9,1,1,9,1,1,9,1,1 
1,1,3,1,1,1,3,1,1,1,3,1,1,1,3,1,1 
1,1,1,1,1,1,1,1,1,1,1,1,1,1,1,1,1 
1,1,9,1,1,9,1,1,9,1,1,9,1,1,9,1,1 
1,1,1,1,1,1,1,1,1,1,1,1,1,1,1,1,1 
1,1,3,1,1,1,3,1,1,1,3,1,1,1,3,1,1 
1,1,9,1,1,9,1,1,9,1,1,9,1,1,9,1,1 
1,1,1,1,1,1,1,1,1,1,1,1,1,1,1,1,1 
1,1,1,9,1,1,1,1,1,1,1,1,1,9,1,1,1 
1,1,1,1,1,9,3,1,9,1,3,9,1,1,1,1,1 
1,1,1,1,1,1,1,1,1,1,1,1,1,1,1,1,1 
1,1,1,1,1,1,1,1,1,1,1,1,1,1,1,1,1 
# 4: 17x17 PWR burnable poison study 17x17_BP6_16
1,1,1,1,1,1,1,1,1,1,1,1,1,1,1,1,1 
1,1,1,1,1,1,1,1,1,1,1,1,1,1,1,1,1 
1,1,3,1,1,9,3,1,9,1,3,9,1,1,3,1,1 
1,1,1,9,1,1,1,1,1,1,1,1,1,9,1,1,1 
1,1,1,1,1,1,1,1,1,1,1,1,1,1,1,1,1 
1,1,9,1,1,9,1,1,9,1,1,9,1,1,9,1,1 
1,1,3,1,1,1,3,1,1,1,3,1,1,1,3,1,1 
1,1,1,1,1,1,1,1,1,1,1,1,1,1,1,1,1 
1,1,9,1,1,9,1,1,9,1,1,9,1,1,9,1,1 
1,1,1,1,1,1,1,1,1,1,1,1,1,1,1,1,1 
1,1,3,1,1,1,3,1,1,1,3,1,1,1,3,1,1 
1,1,9,1,1,9,1,1,9,1,1,9,1,1,9,1,1 
1,1,1,1,1,1,1,1,1,1,1,1,1,1,1,1,1 
1,1,1,9,1,1,1,1,1,1,1,1,1,9,1,1,1 
1,1,3,1,1,9,3,1,9,1,3,9,1,1,3,1,1 
1,1,1,1,1,1,1,1,1,1,1,1,1,1,1,1,1 
1,1,1,1,1,1,1,1,1,1,1,1,1,1,1,1,1 
# 5: 17x17 PWR burnable poison study 17x17_BP6_20
1,1,1,1,1,1,1,1,1,1,1,1,1,1,1,1,1 
1,1,1,1,3,1,1,1,1,1,1,1,3,1,1,1,1 
1,1,1,1,1,9,1,1,9,1,1,9,1,1,1,1,1 
1,1,1,9,1,1,3,1,1,1,3,1,1,9,1,1,1 
1,3,1,1,1,1,1,1,1,1,1,1,1,1,1,3,1 
1,1,9,1,1,9,1,1,9,1,1,9,1,1,9,1,1 
1,1,1,3,1,1,3,1,1,1,3,1,1,3,1,1,1 
1,1,1,1,1,1,1,1,1,1,1,1,1,1,1,1,1 
1,1,9,1,1,9,1,1,9,1,1,9,1,1,9,1,1 
1,1,1,1,1,1,1,1,1,1,1,1,1,1,1,1,1 
1,1,1,3,1,1,3,1,1,1,3,1,1,3,1,1,1 
1,1,9,1,1,9,1,1,9,1,1,9,1,1,9,1,1 
1,3,1,1,1,1,1,1,1,1,1,1,1,1,1,3,1 
1,1,1,9,1,1,3,1,1,1,3,1,1,9,1,1,1 
1,1,1,1,1,9,1,1,9,1,1,9,1,1,1,1,1 
1,1,1,1,3,1,1,1,1,1,1,1,3,1,1,1,1 
1,1,1,1,1,1,1,1,1,1,1,1,1,1,1,1,1 
# 6: 17x17 PWR burnable poison study 17x17_BP6_24
1,1,1,1,1,1,1,1,1,1,1,1,1,1,1,1,1 
1,1,1,1,1,1,3,1,1,1,3,1,1,1,1,1,1 
1,1,3,1,1,9,1,1,9,1,1,9,1,1,3,1,1 
1,1,1,9,1,1,1,1,1,1,1,1,1,9,1,1,1 
1,1,1,1,3,1,1,1,1,1,1,1,3,1,1,1,1 
1,1,9,1,1,9,1,3,9,3,1,9,1,1,9,1,1 
1,3,1,1,1,1,1,1,1,1,1,1,1,1,1,3,1 
1,1,1,1,1,3,1,1,1,1,1,3,1,1,1,1,1 
1,1,9,1,1,9,1,1,9,1,1,9,1,1,9,1,1 
1,1,1,1,1,3,1,1,1,1,1,3,1,1,1,1,1 
1,3,1,1,1,1,1,1,1,1,1,1,1,1,1,3,1 
1,1,9,1,1,9,1,3,9,3,1,9,1,1,9,1,1 
1,1,1,1,3,1,1,1,1,1,1,1,3,1,1,1,1 
1,1,1,9,1,1,1,1,1,1,1,1,1,9,1,1,1 
1,1,3,1,1,9,1,1,9,1,1,9,1,1,3,1,1 
1,1,1,1,1,1,3,1,1,1,3,1,1,1,1,1,1 
1,1,1,1,1,1,1,1,1,1,1,1,1,1,1,1,1 
# 7: 17x17 PWR burnable poison study 17x17_BP8_4
1,1,1,1,1,1,1,1,1,1,1,1,1,1,1,1,1 
1,1,1,1,1,1,1,1,1,1,1,1,1,1,1,1,1 
1,1,1,1,1,9,1,1,9,1,1,9,1,1,1,1,1 
1,1,1,9,1,1,1,1,1,1,1,1,1,9,1,1,1 
1,1,1,1,4,1,1,1,1,1,1,1,4,1,1,1,1 
1,1,9,1,1,9,1,1,9,1,1,9,1,1,9,1,1 
1,1,1,1,1,1,1,1,1,1,1,1,1,1,1,1,1 
1,1,1,1,1,1,1,1,1,1,1,1,1,1,1,1,1 
1,1,9,1,1,9,1,1,9,1,1,9,1,1,9,1,1 
1,1,1,1,1,1,1,1,1,1,1,1,1,1,1,1,1 
1,1,1,1,1,1,1,1,1,1,1,1,1,1,1,1,1 
1,1,9,1,1,9,1,1,9,1,1,9,1,1,9,1,1 
1,1,1,1,4,1,1,1,1,1,1,1,4,1,1,1,1 
1,1,1,9,1,1,1,1,1,1,1,1,1,9,1,1,1 
1,1,1,1,1,9,1,1,9,1,1,9,1,1,1,1,1 
1,1,1,1,1,1,1,1,1,1,1,1,1,1,1,1,1 
1,1,1,1,1,1,1,1,1,1,1,1,1,1,1,1,1 
# 8: 17x17 PWR burnable poison study 17x17_BP8_8
1,1,1,1,1,1,1,1,1,1,1,1,1,1,1,1,1 
1,1,1,1,1,1,1,1,1,1,1,1,1,1,1,1,1 
1,1,1,1,1,9,1,1,9,1,1,9,1,1,1,1,1 
1,1,1,9,1,1,1,1,4,1,1,1,1,9,1,1,1 
1,1,1,1,4,1,1,1,1,1,1,1,4,1,1,1,1 
1,1,9,1,1,9,1,1,9,1,1,9,1,1,9,1,1 
1,1,1,1,1,1,1,1,1,1,1,1,1,1,1,1,1 
1,1,1,1,1,1,1,1,1,1,1,1,1,1,1,1,1 
1,1,9,4,1,9,1,1,9,1,1,9,1,4,9,1,1 
1,1,1,1,1,1,1,1,1,1,1,1,1,1,1,1,1 
1,1,1,1,1,1,1,1,1,1,1,1,1,1,1,1,1 
1,1,9,1,1,9,1,1,9,1,1,9,1,1,9,1,1 
1,1,1,1,4,1,1,1,1,1,1,1,4,1,1,1,1 
1,1,1,9,1,1,1,1,4,1,1,1,1,9,1,1,1 
1,1,1,1,1,9,1,1,9,1,1,9,1,1,1,1,1 
1,1,1,1,1,1,1,1,1,1,1,1,1,1,1,1,1 
1,1,1,1,1,1,1,1,1,1,1,1,1,1,1,1,1 
# 9: 17x17 PWR burnable poison study 17x17_BP8_12 
1,1,1,1,1,1,1,1,1,1,1,1,1,1,1,1,1 
1,1,1,1,1,1,1,1,1,1,1,1,1,1,1,1,1 
1,1,1,1,1,9,4,1,9,1,4,9,1,1,1,1,1 
1,1,1,9,1,1,1,1,1,1,1,1,1,9,1,1,1 
1,1,1,1,1,1,1,1,1,1,1,1,1,1,1,1,1 
1,1,9,1,1,9,1,1,9,1,1,9,1,1,9,1,1 
1,1,4,1,1,1,4,1,1,1,4,1,1,1,4,1,1 
1,1,1,1,1,1,1,1,1,1,1,1,1,1,1,1,1 
1,1,9,1,1,9,1,1,9,1,1,9,1,1,9,1,1 
1,1,1,1,1,1,1,1,1,1,1,1,1,1,1,1,1 
1,1,4,1,1,1,4,1,1,1,4,1,1,1,4,1,1 
1,1,9,1,1,9,1,1,9,1,1,9,1,1,9,1,1 
1,1,1,1,1,1,1,1,1,1,1,1,1,1,1,1,1 
1,1,1,9,1,1,1,1,1,1,1,1,1,9,1,1,1 
1,1,1,1,1,9,4,1,9,1,4,9,1,1,1,1,1 
1,1,1,1,1,1,1,1,1,1,1,1,1,1,1,1,1 
1,1,1,1,1,1,1,1,1,1,1,1,1,1,1,1,1 
# 10: 17x17 PWR burnable poison study 17x17_BP8_16 
1,1,1,1,1,1,1,1,1,1,1,1,1,1,1,1,1 
1,1,1,1,1,1,1,1,1,1,1,1,1,1,1,1,1 
1,1,4,1,1,9,4,1,9,1,4,9,1,1,4,1,1 
1,1,1,9,1,1,1,1,1,1,1,1,1,9,1,1,1 
1,1,1,1,1,1,1,1,1,1,1,1,1,1,1,1,1 
1,1,9,1,1,9,1,1,9,1,1,9,1,1,9,1,1 
1,1,4,1,1,1,4,1,1,1,4,1,1,1,4,1,1 
1,1,1,1,1,1,1,1,1,1,1,1,1,1,1,1,1 
1,1,9,1,1,9,1,1,9,1,1,9,1,1,9,1,1 
1,1,1,1,1,1,1,1,1,1,1,1,1,1,1,1,1 
1,1,4,1,1,1,4,1,1,1,4,1,1,1,4,1,1 
1,1,9,1,1,9,1,1,9,1,1,9,1,1,9,1,1 
1,1,1,1,1,1,1,1,1,1,1,1,1,1,1,1,1 
1,1,1,9,1,1,1,1,1,1,1,1,1,9,1,1,1 
1,1,4,1,1,9,4,1,9,1,4,9,1,1,4,1,1 
1,1,1,1,1,1,1,1,1,1,1,1,1,1,1,1,1 
1,1,1,1,1,1,1,1,1,1,1,1,1,1,1,1,1 
# 11: 17x17 PWR burnable poison study 17x17_BP8_20 
1,1,1,1,1,1,1,1,1,1,1,1,1,1,1,1,1 
1,1,1,1,4,1,1,1,1,1,1,1,4,1,1,1,1 
1,1,1,1,1,9,1,1,9,1,1,9,1,1,1,1,1 
1,1,1,9,1,1,4,1,1,1,4,1,1,9,1,1,1 
1,4,1,1,1,1,1,1,1,1,1,1,1,1,1,4,1 
1,1,9,1,1,9,1,1,9,1,1,9,1,1,9,1,1 
1,1,1,4,1,1,4,1,1,1,4,1,1,4,1,1,1 
1,1,1,1,1,1,1,1,1,1,1,1,1,1,1,1,1 
1,1,9,1,1,9,1,1,9,1,1,9,1,1,9,1,1 
1,1,1,1,1,1,1,1,1,1,1,1,1,1,1,1,1 
1,1,1,4,1,1,4,1,1,1,4,1,1,4,1,1,1 
1,1,9,1,1,9,1,1,9,1,1,9,1,1,9,1,1 
1,4,1,1,1,1,1,1,1,1,1,1,1,1,1,4,1 
1,1,1,9,1,1,4,1,1,1,4,1,1,9,1,1,1 
1,1,1,1,1,9,1,1,9,1,1,9,1,1,1,1,1 
1,1,1,1,4,1,1,1,1,1,1,1,4,1,1,1,1 
1,1,1,1,1,1,1,1,1,1,1,1,1,1,1,1,1 
# 12: 17x17 PWR burnable poison study 17x17_BP8_24
1,1,1,1,1,1,1,1,1,1,1,1,1,1,1,1,1 
1,1,1,1,1,1,4,1,1,1,4,1,1,1,1,1,1 
1,1,4,1,1,9,1,1,9,1,1,9,1,1,4,1,1 
1,1,1,9,1,1,1,1,1,1,1,1,1,9,1,1,1 
1,1,1,1,4,1,1,1,1,1,1,1,4,1,1,1,1 
1,1,9,1,1,9,1,4,9,4,1,9,1,1,9,1,1 
1,4,1,1,1,1,1,1,1,1,1,1,1,1,1,4,1 
1,1,1,1,1,4,1,1,1,1,1,4,1,1,1,1,1 
1,1,9,1,1,9,1,1,9,1,1,9,1,1,9,1,1 
1,1,1,1,1,4,1,1,1,1,1,4,1,1,1,1,1 
1,4,1,1,1,1,1,1,1,1,1,1,1,1,1,4,1 
1,1,9,1,1,9,1,4,9,4,1,9,1,1,9,1,1 
1,1,1,1,4,1,1,1,1,1,1,1,4,1,1,1,1 
1,1,1,9,1,1,1,1,1,1,1,1,1,9,1,1,1 
1,1,4,1,1,9,1,1,9,1,1,9,1,1,4,1,1 
1,1,1,1,1,1,4,1,1,1,4,1,1,1,1,1,1 
1,1,1,1,1,1,1,1,1,1,1,1,1,1,1,1,1 
# 13: 17x17 PWR burnable poison study 17x17_BP10_4
1,1,1,1,1,1,1,1,1,1,1,1,1,1,1,1,1 
1,1,1,1,1,1,1,1,1,1,1,1,1,1,1,1,1 
1,1,1,1,1,9,1,1,9,1,1,9,1,1,1,1,1 
1,1,1,9,1,1,1,1,1,1,1,1,1,9,1,1,1 
1,1,1,1,5,1,1,1,1,1,1,1,5,1,1,1,1 
1,1,9,1,1,9,1,1,9,1,1,9,1,1,9,1,1 
1,1,1,1,1,1,1,1,1,1,1,1,1,1,1,1,1 
1,1,1,1,1,1,1,1,1,1,1,1,1,1,1,1,1 
1,1,9,1,1,9,1,1,9,1,1,9,1,1,9,1,1 
1,1,1,1,1,1,1,1,1,1,1,1,1,1,1,1,1 
1,1,1,1,1,1,1,1,1,1,1,1,1,1,1,1,1 
1,1,9,1,1,9,1,1,9,1,1,9,1,1,9,1,1 
1,1,1,1,5,1,1,1,1,1,1,1,5,1,1,1,1 
1,1,1,9,1,1,1,1,1,1,1,1,1,9,1,1,1 
1,1,1,1,1,9,1,1,9,1,1,9,1,1,1,1,1 
1,1,1,1,1,1,1,1,1,1,1,1,1,1,1,1,1 
1,1,1,1,1,1,1,1,1,1,1,1,1,1,1,1,1 
# 14: 17x17 PWR burnable poison study 17x17_BP10_8 
1,1,1,1,1,1,1,1,1,1,1,1,1,1,1,1,1 
1,1,1,1,1,1,1,1,1,1,1,1,1,1,1,1,1 
1,1,1,1,1,9,1,1,9,1,1,9,1,1,1,1,1 
1,1,1,9,1,1,1,1,5,1,1,1,1,9,1,1,1 
1,1,1,1,5,1,1,1,1,1,1,1,5,1,1,1,1 
1,1,9,1,1,9,1,1,9,1,1,9,1,1,9,1,1 
1,1,1,1,1,1,1,1,1,1,1,1,1,1,1,1,1 
1,1,1,1,1,1,1,1,1,1,1,1,1,1,1,1,1 
1,1,9,5,1,9,1,1,9,1,1,9,1,5,9,1,1 
1,1,1,1,1,1,1,1,1,1,1,1,1,1,1,1,1 
1,1,1,1,1,1,1,1,1,1,1,1,1,1,1,1,1 
1,1,9,1,1,9,1,1,9,1,1,9,1,1,9,1,1 
1,1,1,1,5,1,1,1,1,1,1,1,5,1,1,1,1 
1,1,1,9,1,1,1,1,5,1,1,1,1,9,1,1,1 
1,1,1,1,1,9,1,1,9,1,1,9,1,1,1,1,1 
1,1,1,1,1,1,1,1,1,1,1,1,1,1,1,1,1 
1,1,1,1,1,1,1,1,1,1,1,1,1,1,1,1,1 
# 15: 17x17 PWR burnable poison study 17x17_BP10_12
1,1,1,1,1,1,1,1,1,1,1,1,1,1,1,1,1 
1,1,1,1,1,1,1,1,1,1,1,1,1,1,1,1,1 
1,1,1,1,1,9,5,1,9,1,5,9,1,1,1,1,1 
1,1,1,9,1,1,1,1,1,1,1,1,1,9,1,1,1 
1,1,1,1,1,1,1,1,1,1,1,1,1,1,1,1,1 
1,1,9,1,1,9,1,1,9,1,1,9,1,1,9,1,1 
1,1,5,1,1,1,5,1,1,1,5,1,1,1,5,1,1 
1,1,1,1,1,1,1,1,1,1,1,1,1,1,1,1,1 
1,1,9,1,1,9,1,1,9,1,1,9,1,1,9,1,1 
1,1,1,1,1,1,1,1,1,1,1,1,1,1,1,1,1 
1,1,5,1,1,1,5,1,1,1,5,1,1,1,5,1,1 
1,1,9,1,1,9,1,1,9,1,1,9,1,1,9,1,1 
1,1,1,1,1,1,1,1,1,1,1,1,1,1,1,1,1 
1,1,1,9,1,1,1,1,1,1,1,1,1,9,1,1,1 
1,1,1,1,1,9,5,1,9,1,5,9,1,1,1,1,1 
1,1,1,1,1,1,1,1,1,1,1,1,1,1,1,1,1 
1,1,1,1,1,1,1,1,1,1,1,1,1,1,1,1,1 
# 16: 17x17 PWR burnable poison study 17x17_BP10_16
1,1,1,1,1,1,1,1,1,1,1,1,1,1,1,1,1 
1,1,1,1,1,1,1,1,1,1,1,1,1,1,1,1,1 
1,1,5,1,1,9,5,1,9,1,5,9,1,1,5,1,1 
1,1,1,9,1,1,1,1,1,1,1,1,1,9,1,1,1 
1,1,1,1,1,1,1,1,1,1,1,1,1,1,1,1,1 
1,1,9,1,1,9,1,1,9,1,1,9,1,1,9,1,1 
1,1,5,1,1,1,5,1,1,1,5,1,1,1,5,1,1 
1,1,1,1,1,1,1,1,1,1,1,1,1,1,1,1,1 
1,1,9,1,1,9,1,1,9,1,1,9,1,1,9,1,1 
1,1,1,1,1,1,1,1,1,1,1,1,1,1,1,1,1 
1,1,5,1,1,1,5,1,1,1,5,1,1,1,5,1,1 
1,1,9,1,1,9,1,1,9,1,1,9,1,1,9,1,1 
1,1,1,1,1,1,1,1,1,1,1,1,1,1,1,1,1 
1,1,1,9,1,1,1,1,1,1,1,1,1,9,1,1,1 
1,1,5,1,1,9,5,1,9,1,5,9,1,1,5,1,1 
1,1,1,1,1,1,1,1,1,1,1,1,1,1,1,1,1 
1,1,1,1,1,1,1,1,1,1,1,1,1,1,1,1,1 
# 17: 17x17 PWR burnable poison study 17x17_BP10_20
1,1,1,1,1,1,1,1,1,1,1,1,1,1,1,1,1 
1,1,1,1,5,1,1,1,1,1,1,1,5,1,1,1,1 
1,1,1,1,1,9,1,1,9,1,1,9,1,1,1,1,1 
1,1,1,9,1,1,5,1,1,1,5,1,1,9,1,1,1 
1,5,1,1,1,1,1,1,1,1,1,1,1,1,1,5,1 
1,1,9,1,1,9,1,1,9,1,1,9,1,1,9,1,1 
1,1,1,5,1,1,5,1,1,1,5,1,1,5,1,1,1 
1,1,1,1,1,1,1,1,1,1,1,1,1,1,1,1,1 
1,1,9,1,1,9,1,1,9,1,1,9,1,1,9,1,1 
1,1,1,1,1,1,1,1,1,1,1,1,1,1,1,1,1 
1,1,1,5,1,1,5,1,1,1,5,1,1,5,1,1,1 
1,1,9,1,1,9,1,1,9,1,1,9,1,1,9,1,1 
1,5,1,1,1,1,1,1,1,1,1,1,1,1,1,5,1 
1,1,1,9,1,1,5,1,1,1,5,1,1,9,1,1,1 
1,1,1,1,1,9,1,1,9,1,1,9,1,1,1,1,1 
1,1,1,1,5,1,1,1,1,1,1,1,5,1,1,1,1 
1,1,1,1,1,1,1,1,1,1,1,1,1,1,1,1,1 
# 18: 17x17 PWR burnable poison study 17x17_BP10_24
1,1,1,1,1,1,1,1,1,1,1,1,1,1,1,1,1 
1,1,1,1,1,1,5,1,1,1,5,1,1,1,1,1,1 
1,1,5,1,1,9,1,1,9,1,1,9,1,1,5,1,1 
1,1,1,9,1,1,1,1,1,1,1,1,1,9,1,1,1 
1,1,1,1,5,1,1,1,1,1,1,1,5,1,1,1,1 
1,1,9,1,1,9,1,5,9,5,1,9,1,1,9,1,1 
1,5,1,1,1,1,1,1,1,1,1,1,1,1,1,5,1 
1,1,1,1,1,5,1,1,1,1,1,5,1,1,1,1,1 
1,1,9,1,1,9,1,1,9,1,1,9,1,1,9,1,1 
1,1,1,1,1,5,1,1,1,1,1,5,1,1,1,1,1 
1,5,1,1,1,1,1,1,1,1,1,1,1,1,1,5,1 
1,1,9,1,1,9,1,5,9,5,1,9,1,1,9,1,1 
1,1,1,1,5,1,1,1,1,1,1,1,5,1,1,1,1 
1,1,1,9,1,1,1,1,1,1,1,1,1,9,1,1,1 
1,1,5,1,1,9,1,1,9,1,1,9,1,1,5,1,1 
1,1,1,1,1,1,5,1,1,1,5,1,1,1,1,1,1 
1,1,1,1,1,1,1,1,1,1,1,1,1,1,1,1,1 
# 19: 17x17 PWR partial defect study 17x17_PD_0 
1,1,1,1,1,1,1,1,1,1,1,1,1,1,1,1,1 
1,1,1,1,1,1,1,1,1,1,1,1,1,1,1,1,1 
1,1,1,1,1,9,1,1,9,1,1,9,1,1,1,1,1 
1,1,1,9,1,1,1,1,1,1,1,1,1,9,1,1,1 
1,1,1,1,1,1,1,1,1,1,1,1,1,1,1,1,1 
1,1,9,1,1,9,1,1,9,1,1,9,1,1,9,1,1 
1,1,1,1,1,1,1,1,1,1,1,1,1,1,1,1,1 
1,1,1,1,1,1,1,1,1,1,1,1,1,1,1,1,1 
1,1,9,1,1,9,1,1,9,1,1,9,1,1,9,1,1 
1,1,1,1,1,1,1,1,1,1,1,1,1,1,1,1,1 
1,1,1,1,1,1,1,1,1,1,1,1,1,1,1,1,1 
1,1,9,1,1,9,1,1,9,1,1,9,1,1,9,1,1 
1,1,1,1,1,1,1,1,1,1,1,1,1,1,1,1,1 
1,1,1,9,1,1,1,1,1,1,1,1,1,9,1,1,1 
1,1,1,1,1,9,1,1,9,1,1,9,1,1,1,1,1 
1,1,1,1,1,1,1,1,1,1,1,1,1,1,1,1,1 
1,1,1,1,1,1,1,1,1,1,1,1,1,1,1,1,1 
# 20: 17x17 PWR partial defect study 17x17_PD_8 
1,1,1,1,1,1,1,1,1,1,1,1,1,1,1,1,1 
1,1,1,1,1,1,1,1,1,1,1,1,1,1,1,1,1 
1,1,1,1,1,9,1,1,9,1,1,9,1,1,1,1,1 
1,1,1,9,1,1,2,1,1,1,2,1,1,9,1,1,1 
1,1,1,1,1,1,1,1,1,1,1,1,1,1,1,1,1 
1,1,9,1,1,9,1,1,9,1,1,9,1,1,9,1,1 
1,1,1,2,1,1,1,1,1,1,1,1,1,2,1,1,1 
1,1,1,1,1,1,1,1,1,1,1,1,1,1,1,1,1 
1,1,9,1,1,9,1,1,9,1,1,9,1,1,9,1,1 
1,1,1,1,1,1,1,1,1,1,1,1,1,1,1,1,1 
1,1,1,2,1,1,1,1,1,1,1,1,1,2,1,1,1 
1,1,9,1,1,9,1,1,9,1,1,9,1,1,9,1,1 
1,1,1,1,1,1,1,1,1,1,1,1,1,1,1,1,1 
1,1,1,9,1,1,2,1,1,1,2,1,1,9,1,1,1 
1,1,1,1,1,9,1,1,9,1,1,9,1,1,1,1,1 
1,1,1,1,1,1,1,1,1,1,1,1,1,1,1,1,1 
1,1,1,1,1,1,1,1,1,1,1,1,1,1,1,1,1 
# 21: 17x17 PWR partial defect study 17x17_PD_16
1,1,1,1,1,1,1,1,1,1,1,1,1,1,1,1,1 
1,1,1,1,1,1,1,1,1,1,1,1,1,1,1,1,1 
1,1,1,1,1,9,1,1,9,1,1,9,1,1,1,1,1 
1,1,1,9,1,1,2,1,1,1,2,1,1,9,1,1,1 
1,1,1,1,2,1,1,1,1,1,1,1,2,1,1,1,1 
1,1,9,1,1,9,1,1,9,1,1,9,1,1,9,1,1 
1,1,1,2,1,1,2,1,1,1,2,1,1,2,1,1,1 
1,1,1,1,1,1,1,1,1,1,1,1,1,1,1,1,1 
1,1,9,1,1,9,1,1,9,1,1,9,1,1,9,1,1 
1,1,1,1,1,1,1,1,1,1,1,1,1,1,1,1,1 
1,1,1,2,1,1,2,1,1,1,2,1,1,2,1,1,1 
1,1,9,1,1,9,1,1,9,1,1,9,1,1,9,1,1 
1,1,1,1,2,1,1,1,1,1,1,1,2,1,1,1,1 
1,1,1,9,1,1,2,1,1,1,2,1,1,9,1,1,1 
1,1,1,1,1,9,1,1,9,1,1,9,1,1,1,1,1 
1,1,1,1,1,1,1,1,1,1,1,1,1,1,1,1,1 
1,1,1,1,1,1,1,1,1,1,1,1,1,1,1,1,1 
# 22: 17x17 PWR partial defect study 17x17_PD_24 
1,1,1,1,1,1,1,1,1,1,1,1,1,1,1,1,1 
1,2,1,1,1,1,1,1,1,1,1,1,1,1,1,2,1 
1,1,1,1,1,9,1,1,9,1,1,9,1,1,1,1,1 
1,1,1,9,1,1,2,1,1,1,2,1,1,9,1,1,1 
1,1,1,1,2,1,1,1,2,1,1,1,2,1,1,1,1 
1,1,9,1,1,9,1,1,9,1,1,9,1,1,9,1,1 
1,1,1,2,1,1,2,1,1,1,2,1,1,2,1,1,1 
1,1,1,1,1,1,1,1,1,1,1,1,1,1,1,1,1 
1,1,9,1,2,9,1,1,9,1,1,9,2,1,9,1,1 
1,1,1,1,1,1,1,1,1,1,1,1,1,1,1,1,1 
1,1,1,2,1,1,2,1,1,1,2,1,1,2,1,1,1 
1,1,9,1,1,9,1,1,9,1,1,9,1,1,9,1,1 
1,1,1,1,2,1,1,1,2,1,1,1,2,1,1,1,1 
1,1,1,9,1,1,2,1,1,1,2,1,1,9,1,1,1 
1,1,1,1,1,9,1,1,9,1,1,9,1,1,1,1,1 
1,2,1,1,1,1,1,1,1,1,1,1,1,1,1,2,1 
1,1,1,1,1,1,1,1,1,1,1,1,1,1,1,1,1 
# 23: 17x17 PWR partial defect study 17x17_PD_32 
1,1,1,1,1,1,1,1,1,1,1,1,1,1,1,1,1 
1,2,1,1,1,1,1,1,2,1,1,1,1,1,1,2,1 
1,1,1,1,1,9,1,1,9,1,1,9,1,1,1,1,1 
1,1,1,9,1,1,2,1,1,1,2,1,1,9,1,1,1 
1,1,1,1,2,1,1,1,2,1,1,1,2,1,1,1,1 
1,1,9,1,1,9,1,1,9,1,1,9,1,1,9,1,1 
1,1,1,2,1,1,2,1,1,1,2,1,1,2,1,1,1 
1,1,1,1,1,1,1,1,2,1,1,1,1,1,1,1,1 
1,2,9,1,2,9,1,2,9,2,1,9,2,1,9,2,1 
1,1,1,1,1,1,1,1,2,1,1,1,1,1,1,1,1 
1,1,1,2,1,1,2,1,1,1,2,1,1,2,1,1,1 
1,1,9,1,1,9,1,1,9,1,1,9,1,1,9,1,1 
1,1,1,1,2,1,1,1,2,1,1,1,2,1,1,1,1 
1,1,1,9,1,1,2,1,1,1,2,1,1,9,1,1,1 
1,1,1,1,1,9,1,1,9,1,1,9,1,1,1,1,1 
1,2,1,1,1,1,1,1,2,1,1,1,1,1,1,2,1 
1,1,1,1,1,1,1,1,1,1,1,1,1,1,1,1,1 
# 24: 17x17 PWR partial defect study 17x17_PD_40 
1,1,1,1,1,1,1,1,1,1,1,1,1,1,1,1,1 
1,2,1,2,1,1,1,1,2,1,1,1,1,2,1,2,1 
1,1,1,1,1,9,1,1,9,1,1,9,1,1,1,1,1 
1,2,1,9,1,1,2,1,1,1,2,1,1,9,1,2,1 
1,1,1,1,2,1,1,1,2,1,1,1,2,1,1,1,1 
1,1,9,1,1,9,1,1,9,1,1,9,1,1,9,1,1 
1,1,1,2,1,1,2,1,1,1,2,1,1,2,1,1,1 
1,1,1,1,1,1,1,1,2,1,1,1,1,1,1,1,1 
1,2,9,1,2,9,1,2,9,2,1,9,2,1,9,2,1 
1,1,1,1,1,1,1,1,2,1,1,1,1,1,1,1,1 
1,1,1,2,1,1,2,1,1,1,2,1,1,2,1,1,1 
1,1,9,1,1,9,1,1,9,1,1,9,1,1,9,1,1 
1,1,1,1,2,1,1,1,2,1,1,1,2,1,1,1,1 
1,2,1,9,1,1,2,1,1,1,2,1,1,9,1,2,1 
1,1,1,1,1,9,1,1,9,1,1,9,1,1,1,1,1 
1,2,1,2,1,1,1,1,2,1,1,1,1,2,1,2,1 
1,1,1,1,1,1,1,1,1,1,1,1,1,1,1,1,1 
# 31: 17x17 PWR Calibration Assembly 15 g/cm 235U
1,1,1,1,1,1,1,1,1,1,1,1,1,1,1,1,1 
1,1,1,1,1,1,1,1,1,1,1,1,1,1,1,1,1 
1,1,1,1,1,9,1,1,9,1,1,9,1,1,1,1,1 
1,1,1,9,1,1,1,1,1,1,1,1,1,9,1,1,1 
1,1,1,1,1,1,1,1,1,1,1,1,1,1,1,1,1 
1,1,9,1,1,9,1,1,9,1,1,9,1,1,9,1,1 
1,1,1,1,1,1,1,1,1,1,1,1,1,1,1,1,1 
1,1,1,1,1,1,1,1,1,1,1,1,1,1,1,1,1 
1,1,9,1,1,9,1,1,9,1,1,9,1,1,9,1,1 
1,1,1,1,1,1,1,1,1,1,1,1,1,1,1,1,1 
1,1,1,1,1,1,1,1,1,1,1,1,1,1,1,1,1 
1,1,9,1,1,9,1,1,9,1,1,9,1,1,9,1,1 
1,1,1,1,1,1,1,1,1,1,1,1,1,1,1,1,1 
1,1,1,9,1,1,1,1,1,1,1,1,1,9,1,1,1 
1,1,1,1,1,9,1,1,9,1,1,9,1,1,1,1,1 
1,1,1,1,1,1,1,1,1,1,1,1,1,1,1,1,1 
1,1,1,1,1,1,1,1,1,1,1,1,1,1,1,1,1 
# 32: 17x17 PWR Calibration Assembly 20 g/cm 235U 
1,1,1,1,1,1,1,1,1,1,1,1,1,1,1,1,1 
1,1,1,1,1,1,1,1,1,1,1,1,1,1,1,1,1 
1,1,1,1,1,9,1,1,9,1,1,9,1,1,1,1,1 
1,1,1,9,1,1,1,1,1,1,1,1,1,9,1,1,1 
1,1,1,1,1,1,1,1,1,1,1,1,1,1,1,1,1 
1,1,9,1,1,9,1,1,9,1,1,9,1,1,9,1,1 
1,1,1,1,1,1,1,1,1,1,1,1,1,1,1,1,1 
1,1,1,1,1,1,1,1,1,1,1,1,1,1,1,1,1 
1,1,9,1,1,9,1,1,9,1,1,9,1,1,9,1,1 
1,1,1,1,1,1,1,1,1,1,1,1,1,1,1,1,1 
1,1,1,1,1,1,1,1,1,1,1,1,1,1,1,1,1 
1,1,9,1,1,9,1,1,9,1,1,9,1,1,9,1,1 
1,1,1,1,1,1,1,1,1,1,1,1,1,1,1,1,1 
1,1,1,9,1,1,1,1,1,1,1,1,1,9,1,1,1 
1,1,1,1,1,9,1,1,9,1,1,9,1,1,1,1,1 
1,1,1,1,1,1,1,1,1,1,1,1,1,1,1,1,1 
1,1,1,1,1,1,1,1,1,1,1,1,1,1,1,1,1 
# 33: 17x17 PWR Calibration Assembly 25 g/cm 235U 
1,1,1,1,1,1,1,1,1,1,1,1,1,1,1,1,1 
1,1,1,1,1,1,1,1,1,1,1,1,1,1,1,1,1 
1,1,1,1,1,9,1,1,9,1,1,9,1,1,1,1,1 
1,1,1,9,1,1,1,1,1,1,1,1,1,9,1,1,1 
1,1,1,1,1,1,1,1,1,1,1,1,1,1,1,1,1 
1,1,9,1,1,9,1,1,9,1,1,9,1,1,9,1,1 
1,1,1,1,1,1,1,1,1,1,1,1,1,1,1,1,1 
1,1,1,1,1,1,1,1,1,1,1,1,1,1,1,1,1 
1,1,9,1,1,9,1,1,9,1,1,9,1,1,9,1,1 
1,1,1,1,1,1,1,1,1,1,1,1,1,1,1,1,1 
1,1,1,1,1,1,1,1,1,1,1,1,1,1,1,1,1 
1,1,9,1,1,9,1,1,9,1,1,9,1,1,9,1,1 
1,1,1,1,1,1,1,1,1,1,1,1,1,1,1,1,1 
1,1,1,9,1,1,1,1,1,1,1,1,1,9,1,1,1 
1,1,1,1,1,9,1,1,9,1,1,9,1,1,1,1,1 
1,1,1,1,1,1,1,1,1,1,1,1,1,1,1,1,1 
1,1,1,1,1,1,1,1,1,1,1,1,1,1,1,1,1 
# 34: 17x17 PWR Calibration Assembly 35 g/cm 235U 
1,1,1,1,1,1,1,1,1,1,1,1,1,1,1,1,1 
1,1,1,1,1,1,1,1,1,1,1,1,1,1,1,1,1 
1,1,1,1,1,9,1,1,9,1,1,9,1,1,1,1,1 
1,1,1,9,1,1,1,1,1,1,1,1,1,9,1,1,1 
1,1,1,1,1,1,1,1,1,1,1,1,1,1,1,1,1 
1,1,9,1,1,9,1,1,9,1,1,9,1,1,9,1,1 
1,1,1,1,1,1,1,1,1,1,1,1,1,1,1,1,1 
1,1,1,1,1,1,1,1,1,1,1,1,1,1,1,1,1 
1,1,9,1,1,9,1,1,9,1,1,9,1,1,9,1,1 
1,1,1,1,1,1,1,1,1,1,1,1,1,1,1,1,1 
1,1,1,1,1,1,1,1,1,1,1,1,1,1,1,1,1 
1,1,9,1,1,9,1,1,9,1,1,9,1,1,9,1,1 
1,1,1,1,1,1,1,1,1,1,1,1,1,1,1,1,1 
1,1,1,9,1,1,1,1,1,1,1,1,1,9,1,1,1 
1,1,1,1,1,9,1,1,9,1,1,9,1,1,1,1,1 
1,1,1,1,1,1,1,1,1,1,1,1,1,1,1,1,1 
1,1,1,1,1,1,1,1,1,1,1,1,1,1,1,1,1 
# 35: 17x17 PWR Calibration Assembly 45 g/cm 235U 
1,1,1,1,1,1,1,1,1,1,1,1,1,1,1,1,1 
1,1,1,1,1,1,1,1,1,1,1,1,1,1,1,1,1 
1,1,1,1,1,9,1,1,9,1,1,9,1,1,1,1,1 
1,1,1,9,1,1,1,1,1,1,1,1,1,9,1,1,1 
1,1,1,1,1,1,1,1,1,1,1,1,1,1,1,1,1 
1,1,9,1,1,9,1,1,9,1,1,9,1,1,9,1,1 
1,1,1,1,1,1,1,1,1,1,1,1,1,1,1,1,1 
1,1,1,1,1,1,1,1,1,1,1,1,1,1,1,1,1 
1,1,9,1,1,9,1,1,9,1,1,9,1,1,9,1,1 
1,1,1,1,1,1,1,1,1,1,1,1,1,1,1,1,1 
1,1,1,1,1,1,1,1,1,1,1,1,1,1,1,1,1 
1,1,9,1,1,9,1,1,9,1,1,9,1,1,9,1,1 
1,1,1,1,1,1,1,1,1,1,1,1,1,1,1,1,1 
1,1,1,9,1,1,1,1,1,1,1,1,1,9,1,1,1 
1,1,1,1,1,9,1,1,9,1,1,9,1,1,1,1,1 
1,1,1,1,1,1,1,1,1,1,1,1,1,1,1,1,1 
1,1,1,1,1,1,1,1,1,1,1,1,1,1,1,1,1 
# 36: 17x17 PWR Calibration Assembly 55 g/cm 235U 
1,1,1,1,1,1,1,1,1,1,1,1,1,1,1,1,1 
1,1,1,1,1,1,1,1,1,1,1,1,1,1,1,1,1 
1,1,1,1,1,9,1,1,9,1,1,9,1,1,1,1,1 
1,1,1,9,1,1,1,1,1,1,1,1,1,9,1,1,1 
1,1,1,1,1,1,1,1,1,1,1,1,1,1,1,1,1 
1,1,9,1,1,9,1,1,9,1,1,9,1,1,9,1,1 
1,1,1,1,1,1,1,1,1,1,1,1,1,1,1,1,1 
1,1,1,1,1,1,1,1,1,1,1,1,1,1,1,1,1 
1,1,9,1,1,9,1,1,9,1,1,9,1,1,9,1,1 
1,1,1,1,1,1,1,1,1,1,1,1,1,1,1,1,1 
1,1,1,1,1,1,1,1,1,1,1,1,1,1,1,1,1 
1,1,9,1,1,9,1,1,9,1,1,9,1,1,9,1,1 
1,1,1,1,1,1,1,1,1,1,1,1,1,1,1,1,1 
1,1,1,9,1,1,1,1,1,1,1,1,1,9,1,1,1 
1,1,1,1,1,9,1,1,9,1,1,9,1,1,1,1,1 
1,1,1,1,1,1,1,1,1,1,1,1,1,1,1,1,1 
1,1,1,1,1,1,1,1,1,1,1,1,1,1,1,1,1 
# 37: 17x17 PWR Calibration Assembly 60 g/cm 235U 
1,1,1,1,1,1,1,1,1,1,1,1,1,1,1,1,1 
1,1,1,1,1,1,1,1,1,1,1,1,1,1,1,1,1 
1,1,1,1,1,9,1,1,9,1,1,9,1,1,1,1,1 
1,1,1,9,1,1,1,1,1,1,1,1,1,9,1,1,1 
1,1,1,1,1,1,1,1,1,1,1,1,1,1,1,1,1 
1,1,9,1,1,9,1,1,9,1,1,9,1,1,9,1,1 
1,1,1,1,1,1,1,1,1,1,1,1,1,1,1,1,1 
1,1,1,1,1,1,1,1,1,1,1,1,1,1,1,1,1 
1,1,9,1,1,9,1,1,9,1,1,9,1,1,9,1,1 
1,1,1,1,1,1,1,1,1,1,1,1,1,1,1,1,1 
1,1,1,1,1,1,1,1,1,1,1,1,1,1,1,1,1 
1,1,9,1,1,9,1,1,9,1,1,9,1,1,9,1,1 
1,1,1,1,1,1,1,1,1,1,1,1,1,1,1,1,1 
1,1,1,9,1,1,1,1,1,1,1,1,1,9,1,1,1 
1,1,1,1,1,9,1,1,9,1,1,9,1,1,1,1,1 
1,1,1,1,1,1,1,1,1,1,1,1,1,1,1,1,1 
1,1,1,1,1,1,1,1,1,1,1,1,1,1,1,1,1 
# 38: 17x17 PWR Calibration Assembly 65 g/cm 235U 
1,1,1,1,1,1,1,1,1,1,1,1,1,1,1,1,1 
1,1,1,1,1,1,1,1,1,1,1,1,1,1,1,1,1 
1,1,1,1,1,9,1,1,9,1,1,9,1,1,1,1,1 
1,1,1,9,1,1,1,1,1,1,1,1,1,9,1,1,1 
1,1,1,1,1,1,1,1,1,1,1,1,1,1,1,1,1 
1,1,9,1,1,9,1,1,9,1,1,9,1,1,9,1,1 
1,1,1,1,1,1,1,1,1,1,1,1,1,1,1,1,1 
1,1,1,1,1,1,1,1,1,1,1,1,1,1,1,1,1 
1,1,9,1,1,9,1,1,9,1,1,9,1,1,9,1,1 
1,1,1,1,1,1,1,1,1,1,1,1,1,1,1,1,1 
1,1,1,1,1,1,1,1,1,1,1,1,1,1,1,1,1 
1,1,9,1,1,9,1,1,9,1,1,9,1,1,9,1,1 
1,1,1,1,1,1,1,1,1,1,1,1,1,1,1,1,1 
1,1,1,9,1,1,1,1,1,1,1,1,1,9,1,1,1 
1,1,1,1,1,9,1,1,9,1,1,9,1,1,1,1,1 
1,1,1,1,1,1,1,1,1,1,1,1,1,1,1,1,1 
1,1,1,1,1,1,1,1,1,1,1,1,1,1,1,1,1 
# 51 17x17 A 3.2% Enrichment
1,1,1,1,1,1,1,1,1,1,1,1,1,1,1,1,1 
1,1,1,1,1,1,1,1,1,1,1,1,1,1,1,1,1 
1,1,1,1,1,9,1,1,9,1,1,9,1,1,1,1,1 
1,1,1,9,1,1,1,1,1,1,1,1,1,9,1,1,1 
1,1,1,1,1,1,1,1,1,1,1,1,1,1,1,1,1 
1,1,9,1,1,9,1,1,9,1,1,9,1,1,9,1,1 
1,1,1,1,1,1,1,1,1,1,1,1,1,1,1,1,1 
1,1,1,1,1,1,1,1,1,1,1,1,1,1,1,1,1 
1,1,9,1,1,9,1,1,9,1,1,9,1,1,9,1,1 
1,1,1,1,1,1,1,1,1,1,1,1,1,1,1,1,1 
1,1,1,1,1,1,1,1,1,1,1,1,1,1,1,1,1 
1,1,9,1,1,9,1,1,9,1,1,9,1,1,9,1,1 
1,1,1,1,1,1,1,1,1,1,1,1,1,1,1,1,1 
1,1,1,9,1,1,1,1,1,1,1,1,1,9,1,1,1 
1,1,1,1,1,9,1,1,9,1,1,9,1,1,1,1,1 
1,1,1,1,1,1,1,1,1,1,1,1,1,1,1,1,1 
1,1,1,1,1,1,1,1,1,1,1,1,1,1,1,1,1 
# 52 17x17 A 4.2% Enrichment 
1,1,1,1,1,1,1,1,1,1,1,1,1,1,1,1,1 
1,1,1,1,1,1,1,1,1,1,1,1,1,1,1,1,1 
1,1,1,1,1,9,1,1,9,1,1,9,1,1,1,1,1 
1,1,1,9,1,1,1,1,1,1,1,1,1,9,1,1,1 
1,1,1,1,1,1,1,1,1,1,1,1,1,1,1,1,1 
1,1,9,1,1,9,1,1,9,1,1,9,1,1,9,1,1 
1,1,1,1,1,1,1,1,1,1,1,1,1,1,1,1,1 
1,1,1,1,1,1,1,1,1,1,1,1,1,1,1,1,1 
1,1,9,1,1,9,1,1,9,1,1,9,1,1,9,1,1 
1,1,1,1,1,1,1,1,1,1,1,1,1,1,1,1,1 
1,1,1,1,1,1,1,1,1,1,1,1,1,1,1,1,1 
1,1,9,1,1,9,1,1,9,1,1,9,1,1,9,1,1 
1,1,1,1,1,1,1,1,1,1,1,1,1,1,1,1,1 
1,1,1,9,1,1,1,1,1,1,1,1,1,9,1,1,1 
1,1,1,1,1,9,1,1,9,1,1,9,1,1,1,1,1 
1,1,1,1,1,1,1,1,1,1,1,1,1,1,1,1,1 
1,1,1,1,1,1,1,1,1,1,1,1,1,1,1,1,1 